
8306
6758
9984
6501
7974
8316
9983
6861
9432
7011
6098
8766
8058
8411
8001
9434
4519
9433
8035
8031
2914
4063
6857
6503
4502
4568
7267
7182
7741
6702
6701
4661
6367
6902
9613
8725
8002
3382
6201
8053
8267
8750
8801
6301
6178
5108
6981
8630
4901
4578
6146
8591
9020
6954
4543
8015
2802
8802
7751
9022
7269
6762
6752
6594
7832
4307
8308
1925
9766
7532
4689
5401
6723
4452
5803
8604
5802
7936
4503
8309
8830
2502
6273
1605
6971
3659
4612
4091
4684
9735
7013
5020
9503
6988
9101
4507
1928
7270
8473
4716
9531
6326
1812
7733
8795
4755
8136
7453
9435
2503
8113
8593
7259
6383
1802
8697
8421
9697
9104
9532
9602
1801
9843
8601
9021
2413
3407
7012
9502
7550
7181
3402
7309
6920
5838
2587
6361
9107
6504
9202
9719
9201
7202
4151
6586
9024
4523
3064
9684
3092
1803
7186
285A
6532
8951
2801
3088
6869
7201
3003
5019
4204
9501
4768
4188
5411
3626
9005
1878
1911
1773
7912
7911
6841
9042
7735
5334
7272
5016
8331
4704
1944
5831
2875
7701
5929
9023
4911
5713
6479
5201
9143
6305
9404
3563
4062
3038
4751
8952
8439
3099
2702
3289
5101
7167
9401
3288
8354
2269
4732
5844
8953
6963
2897
2768
6465
3231
4528
9064
9147
1942
8227
6506
3349
3462
6645
6845
2670
8572
7752
4042
7163
4021
3861
2267
9508
4324
7649
7747
4183
3283
5406
2212
4676
3197
4005
6460
4816
8972
1808
3281
5631
9009
4004
6525
5333
2327
3635
4733
8359
3291
6448
6806
4403
5332
3769
2181
9142
6417
8056
8060
7261
9007
6724
3350
8984
8804
8252
5801
9962
5830
2809
3086
2371
5021
7276
9506
4527
2501
5444
6370
4088
5105
3405
9989
8334
6113
9041
4506
3391
5938
8253
6753
8954
1969
2282
2331
7459
8960
5947
3141
4186
7211
5901
8963
4536
9513
9001
2002
6368
3774
6269
4182
9468
1959
6028
6965
5344
5706
4194
6526
9706
3923
7731
6856
3269
4912
6141
3397
7564
2726
9364
4613
7164
5110
7282
9008
7951
6473
2579
6481
1951
6923
2433
9533
6406
2871
9301
5233
9065
1721
9006
3116
8985
4812
4203
8377
4680
9987
3436
8341
7337
3697
7984
4681
8955
4967
7240
9072
2784
3549
9412
4626
6302
9449
7003
9418
8424
7988
4784
8233
8279
6471
5991
6268
8088
8418
5832
4385
7180
3132
6976
3994
4202
5393
3309
8425
7906
9076
2593
25935
5076
2229
9069
7732
4666
3471
4980
6770
8976
7327
7189
6544
8129
3387
4922
7729
9045
9048
4631
4401
7419
6005
8111
9605
9504
5711
3249
8848
8012
4205
8304
1963
5214
9302
8570
2296
6674
3279
6323
1332
8174
9831
2206
9409
7867
3226
5714
6592
1860
141A
4530
2607
8366
6436
4686
1662
6728
1893
4927
5032
6755
5463
9336
3591
2222
9044
3048
4483
8283
3107
8410
9507
7581
4114
8876
2531
3292
7451
2264
3234
6508
4118
6952
4540
1719
8961
2811
1414
6135
5741
6849
3466
2810
9616
8967
8358
9759
9744
8986
6454
8524
2432
4902
4373
8020
9436
8078
8242
1417
1949
3401
9003
5471
7762
1961
8086
6951
4043
3295
3282
4443
8850
9509
1980
8282
6324
8050
9303
8273
6432
215A
6134
4046
6744
9934
2127
8964
5805
4206
6507
2782
9746
7205
7994
4208
6754
3148
6787
2201
8515
6995
3941
5301
9861
4887
8133
6412
9627
7313
7956
4272
8194
2121
5191
4516
2730
6103
7947
7014
7966
7105
1941
6371
7173
1820
4722
8919
3360
7616
7220
8022
1861
9936
7148
6457
4478
8381
9601
9682
3050
8956
4544
8628
7157
7380
8987
3222
4587
3046
8368
1766
8957
5451
2001
3110
4061
6622
2815
7278
8698
7806
4665
268A
8966
4776
6960
5930
3481
3498
4041
9505
8370
1979
2124
2659
7476
8098
8066
9025
1934
9869
4592
7458
8130
6632
2270
8278
8714
3569
4547
6925
4551
2337
6707
2317
8566
7846
7716
1833
7744
7242
6890
8585
7981
9793
3865
8154
3296
6871
6807
6013
9948
6407
6472
5423
3097
7004
1885
1333
9090
9031
3186
6136
5482
6814
2154
2602
1890
4966
3105
4368
8968
3468
4928
4914
7740
5273
7630
1377
4617
4045
4095
8803
4180
1950
5384
3287
3765
2585
7222
7864
9974
9830
6588
8923
8218
1835
4634
5857
8522
8276
8975
7734
9166
4819
8367
8511
8214
7296
9956
6736
7970
6966
5253
7817
2695
2160
4521
8584
6055
4553
9882
8616
6420
8544
8958
3880
9267
7552
3167
9068
6750
9722
1926
3543
2685
7389
8386
9672
7611
4023
4107
9715
7381
6703
5352
6574
2678
1952
2692
8595
6670
2384
3076
3863
8609
9887
6278
8179
3106
7545
1968
2767
8388
4694
6651
3191
1946
2175
9551
7250
6523
8361
9960
8097
2379
9075
7412
7730
7512
5232
9119
6498
4432
8336
1515
6315
5331
8153
6590
4958
9678
8131
5842
3002
7972
3778
8219
8600
9832
4628
9413
6516
7821
3433
8051
9039
9757
4985
1720
5161
9708
2281
6395
9066
6332
8977
8871
3341
7685
1762
2157
7172
5703
167A
7516
9699
6486
7224
9842
3593
7283
6804
9716
4534
4633
2742
5186
8934
2791
5727
9603
9037
7976
6740
6947
9010
5911
1879
1884
3087
7965
7177
6254
6330
3993
9110
1419
4974
6284
8057
9663
5975
4413
8255
7739
7599
2146
1965
5192
2733
7226
8117
2653
8074
3201
8198
7575
9347
2326
4996
6101
4825
7456
2109
6379
1982
6183
3612
7943
4071
9997
7279
6340
4975
4369
290A
2588
8346
2004
7839
7595
4189
8892
6957
7287
6727
6080
3487
2329
8014
6366
6351
4099
2353
6455
5440
4028
7513
6250
3101
1821
6490
6376
7483
1870
6875
6036
6104
8360
3459
3028
4480
7780
2220
5943
4559
5602
3476
2492
6737
4569
3491
186A
4471
7322
4290
7383
3445
9369
6745
6458
5595
8125
5715
8337
9543
8016
3492
7199
5122
2216
6777
9164
3001
1663
7944
2979
6810
5351
9889
2292
1871
6226
2760
8037
4526
6996
6088
3465
6345
2590
3762
1723
6277
3964
3480
4293
277A
247A
8793
5310
4044
9902
8059
3962
7241
8032
4565
5970
4956
3661
5992
4216
6866
4919
6196
2168
6459
2117
3034
9621
262A
5449
299A
6200
219A
3479
8877
1975
6349
5195
4549
5011
4997
8818
3632
5851
7421
3302
3636
7917
6413
6425
4343
7350
7292
9519
2805
7184
7721
1882
6741
6023
6209
9824
5290
4552
6474
6016
1976
6463
4384
6027
3539
7130
3540
9247
8244
1888
9729
3290
8392
9552
3733
9692
7085
4746
8393
3156
7433
4849
4886
9310
6524
9536
7979
1518
8132
3854
4674
4419
4832
6859
6946
3104
8160
350A
8771
1822
4326
4828
5726
7818
7447
6287
8061
8841
8079
2613
9790
7231
7088
1852
6652
6914
2395
8043
8159
9755
3668
5262
5036
4481
9743
9305
8914
2874
4212
1407
6929
4431
2681
6877
3443
2734
3399
3608
7239
7995
8084
6282
2003
5946
3950
2211
8173
4687
8167
4917
6235
1939
2170
2931
3673
7868
8715
7246
7071
2938
6834
3182
3905
368A
7931
3687
9304
9823
9279
8613
2664
7915
8237
2698
4116
8345
8739
3151
2208
6381
3036
4641
9324
9416
3825
6517
8707
9828
8200
5461
6908
3245
3252
8343
4187
5480
4008
4220
7613
3496
9946
2986
7606
9534
3150
4097
5410
7508
4362
197A
3817
3091
8157
4375
1379
6258
4894
6419
9474
3371
2752
6331
4475
9900
4765
8508
8075
9661
7593
1898
1945
9517
4848
7504
4365
8387
6941
7826
6364
6644
9348
3836
9928
3395
6333
6237
1301
4461
7745
5982
4719
1921
4593
1799
6564
3660
5535
3451
3946
3232
9511
2325
4971
8897
7860
6363
2540
1786
3844
7128
8163
7718
8399
3431
4820
8979
9028
4221
8864
2053
7990
4323
4718
3688
4464
4931
3692
4246
6058
5889
1929
6638
5208
8929
3198
3010
176A
2790
6637
9733
2749
6118
3679
4337
9274
2226
7942
8844
4051
7605
6099
4047
4685
8052
6905
5949
3663
1938
1967
7921
5445
6309
4393
2980
5202
6328
4377
8706
6339
4109
7366
3482
8344
3328
7388
2288
8550
6617
3299
1899
7384
3708
8395
2918
8935
4839
4417
5184
8281
2573
9991
5288
7803
4078
8362
2150
4165
9052
1815
4094
147A
2908
9381
5027
6718
5302
6630
7949
9639
8541
5988
2971
4619
6937
319A
6794
9081
2429
3463
3176
2972
9632
3284
9438
212A
3932
3561
7607
7679
4477
6197
6961
5702
6676
2700
3983
1811
5592
7236
7609
9467
8185
3196
1375
2060
5959
4449
9470
5038
6240
4992
4658
6480
8081
4318
6231
7280
3475
3153
8708
2792
3093
7914
2594
4259
7840
1810
6078
7779
2737
7059
3455
6143
5304
7438
341A
9386
9619
7244
6310
3763
6999
5563
6820
4970
7229
6620
2751
7373
9837
6768
5976
2998
1909
1930
3139
255A
2910
256A
4218
4709
4771
9726
166A
2268
7522
3798
8217
3133
278A
5834
9308
5989
7352
1813
5721
7326
9629
9739
7874
4743
6411
4058
7245
6249
6627
6140
2705
7715
8275
7723
1887
4499
8137
4345
3486
8005
6289
4923
9856
4714
7814
8142
9539
6357
4577
3193
2134
287A
1514
2923
3183
8008
2975
6272
4390
3922
6145
7198
2676
9795
6222
6247
4611
3333
325A
3843
7749
9740
7989
2207
218A
2763
2305
6535
6824
7095
6430
4725
6062
4548
8614
9158
8105
5121
5408
7102
4072
7500
4554
2498
4249
2820
2989
9368
7414
8065
9742
6788
7937
4792
2475
6879
6625
9932
1793
3771
6151
5464
4022
7467
7596
6855
5541
261A
9556
8151
6809
3916
8011
5659
2612
6547
2461
2533
7971
2108
7092
9896
6489
6817
7115
4951
5757
6823
9622
276A
6932
6369
8150
2393
7844
7932
2209
208A
8622
3271
3984
4258
4301
6800
2669
2753
8699
5254
6742
2148
7925
6844
4889
286A
8103
5574
4763
9273
3903
2780
9628
2830
3199
2217
9211
3546
4025
6223
3470
9658
7760
5357
3694
2831
2418
2158
8558
9405
7510
3791
8596
7520
3452
2221
3580
4275
9640
5210
7463
4813
3073
8291
6144
5729
6071
7187
3355
7238
3159
9441
5013
6125
4595
8551
7482
6266
5185
7047
9845
9955
6306
8203
3488
6677
6785
2120
8141
7628
6915
6675
7537
5261
3915
8007
4027
4439
5218
1964
6485
9204
4801
9696
1972
3901
4826
4396
3548
2929
5132
3864
7460
2915
202A
3421
8713
2359
2114
2462
2153
6070
8860
6238
9906
7893
7777
6061
2804
5821
3315
3449
1814
9424
3221
4847
8101
1736
3989
1429
4563
4972
7888
5139
5909
6584
6986
4462
9600
6040
3597
250A
336A
7955
7525
7717
3678
9168
9145
7823
3388
4933
9319
3205
7420
2469
7769
9278
8881
1827
1780
6418
2586
3788
1828
2389
9994
7638
3040
6997
6137
7637
9979
3655
5632
2471
7320
9687
7475
2294
1904
6227
8920
8301
9535
3921
6279
8624
2936
1866
8772
2933
3179
7570
5985
8158
3489
8139
2301
5246
3696
6958
9229
1847
2349
8869
5902
3526
7185
9769
2922
4662
2819
9338
5621
6626
2674
4659
9709
4112
7683
135A
5892
8704
7318
3837
3472
5017
3178
4671
8285
7305
296A
5074
8338
8018
4979
6539
2266
6030
3777
6037
3393
3925
4344
6245
9268
7294
3565
7480
372A
2882
4310
6763
5363
4092
6648
7033
8070
2334
7455
2932
7466
7962
9233
9913
6572
6050
3741
2497
6387
9644
6832
5243
2198
5957
9990
9057
7191
5852
9908
6191
3542
9850
7856
4575
9115
3835
9788
6089
3415
3662
6184
2378
8006
8089
4013
7678
9083
5845
4498
6083
3891
9768
4968
6565
8041
3902
6246
2009
5981
9332
6257
146A
7952
3853
5337
3648
8928
3947
6850
3276
2884
9029
3180
4333
3939
3547
9399
2185
9216
6086
7774
6482
4404
3649
3676
3877
6653
3968
8789
5933
7030
6199
3992
2338
4113
3134
4783
8091
7621
1948
2930
2484
4410
4433
9163
6779
4463
366A
6445
2163
6521
1712
165A
3850
5285
4251
4229
8095
6874
3611
6405
3457
9564
7643
7554
9377
9880
8093
6365
2982
4809
3553
3075
3242
3772
5015
7273
6540
3300
5932
9046
2374
8364
6224
6157
9033
4998
4668
4691
4371
6835
6382
4599
2415
4745
6470
3951
3154
6706
6264
4064
6378
8029
2924
1826
9782
6643
5078
3068
4448
5137
3529
4538
6962
7094
367A
2477
300A
4493
3856
4231
7820
6566
5945
6469
4620
6312
3834
6232
2204
3166
7505
6444
6194
7711
3023
6358
4973
8085
7811
2335
9702
8076
9257
5658
5590
7481
2806
4811
7539
1431
5532
9312
9537
7409
8931
2892
6571
9059
6505
6167
6496
6484
4588
7699
274A
2491
7377
4977
3914
6616
4382
7562
9996
4978
2694
3484
5588
4053
3329
9686
5885
3712
5269
6293
3417
4409
7871
1384
8887
6853
3900
1381
5589
6294
7991
4082
2903
6047
7417
4192
9704
9414
9765
3924
6613
2130
8999
8737
4228
7776
5255
7122
9275
4434
8537
5586
297A
352A
7378
9799
7743
4994
5280
6073
4761
1867
6848
7299
9307
2307
4635
3157
8542
5922
4169
3683
3497
9713
7266
2937
1376
7849
2445
9067
7987
3963
6989
6262
6255
4168
1981
7176
9982
5142
7347
3562
2152
6390
2340
9428
1726
4574
6927
7317
1960
5034
3773
7472
1491
9450
5941
6562
3361
1844
3501
3454
6095
8917
9248
7725
1435
3926
5918
7018
6493
3640
9857
7082
3541
9553
4011
3558
2991
2743
5698
8030
7358
6298
3031
9612
7212
1716
5484
6203
6955
7634
4482
3800
6797
7521
3793
6798
4418
4479
9651
9753
3140
6317
8202
153A
4888
2193
6863
9560
5258
7600
4350
1770
8927
6918
7487
4299
8023
2970
4346
1776
7686
9049
4712
4935
5079
4579
7068
8908
6561
6619
5284
8046
4838
2428
4772
9251
9249
7354
3675
9171
378A
3997
9325
7692
2440
8118
2904
6912
9691
4263
2816
6210
6492
6035
7727
4222
2901
6087
3657
6464
5136
9343
9731
1850
3937
6149
3723
6373
3189
6678
7792
4080
1873
3109
369A
9034
5388
9270
9986
2981
7775
9701
2485
5965
4347
190A
7809
6580
7247
3096
3392
5248
7119
1787
4331
5951
4056
9306
8349
9272
2597
8904
9993
9554
6730
3991
4019
2935
7416
4880
9818
5816
3911
2990
3804
7110
4488
2686
5204
4465
8383
4767
2927
1914
7081
9408
6772
2344
6440
3420
9221
4441
3418
3353
4193
1717
8918
2354
9890
5018
1450
3556
3467
4015
5958
4093
6994
6392
5244
2689
2818
2410
4026
7445
8107
6291
3175
5237
2169
5921
7161
7999
4425
7822
4389
2330
4054
5869
4642
7097
2814
6973
5955
4584
7927
2883
4414
3934
4175
4651
5356
7885
7561
5819
5888
3447
6165
8165
3544
3665
6882
1966
7908
3103
5582
2489
7450
3918
3434
2224
1433
8898
7636
7254
4320
3079
7646
9341
160A
6045
9636
9846
8207
6403
1430
4627
6668
7702
6322
3969
2112
9351
4932
7514
9763
5071
2652
6208
3053
3979
1807
9074
6044
7879
5891
4374
7235
3954
4235
6488
4367
4512
4176
7841
5967
6554
7061
7819
9235
8152
2750
6393
338A
4495
6356
4571
1798
6161
3277
1853
4800
339A
2321
7096
2983
3020
4936
6928
5194
3321
5644
5572
9252
6039
9337
3776
7444
3082
2315
9950
6091
1783
3823
6919
9322
3695
6018
4376
6904
3294
4238
2173
7374
9193
7218
3847
2180
3435
2370
4248
7050
9162
7551
4412
1401
9980
8563
5940
3571
5942
9227
7614
4420
3943
4644
3512
3030
6239
6930
2798
5597
7523
9904
7713
6082
4286
7048
5216
5282
3063
4890
6870
6228
6337
3955
6557
7670
5259
1848
5026
9445
4583
1436
8416
5391
6560
254A
7722
4366
8289
6864
2907
4237
5268
4875
4397
9245
4597
3135
6819
9380
264A
177A
6230
8769
7610
5984
6993
3320
7134
2934
6176
8945
6769
2764
5578
5368
4031
5843
7565
6542
6180
7133
8705
2993
4308
7608
7228
5570
2877
4356
4524
2735
4264
6316
6658
9633
3121
4055
332A
3538
7277
9514
5871
4392
5591
9698
4245
4262
6094
8747
2162
4594
3080
4100
6907
1905
6156
2488
9888
9558
9218
4284
7022
6748
3184
1718
7494
2916
8365
8104
9360
6743
5009
5707
6384
6031
7875
4406
8135
6615
7963
7486
3160
9311
9264
9791
9872
7682
8562
7135
6338
8798
6568
7196
9262
9959
8208
7673
7795
7677
3799
3633
4224
3070
3656
373A
7781
4442
9130
8127
9206
7371
5187
2391
7038
9160
7435
3671
8783
2668
7898
5660
7368
3094
7442
3750
8894
5983
3168
4896
3513
1434
3698
2708
2813
3840
2769
9017
9720
245A
386A
6497
9780
3423
9761
2436
8039
6597
9827
2404
3004
3560
7351
4893
9265
7291
1420
7034
5599
155A
4430
4069
6159
4436
3551
9679
4957
4934
3319
4564
5129
2303
2183
3069
4769
2332
6570
7367
3691
156A
7590
9723
8119
5971
7674
7490
5527
9223
8115
9475
2186
7049
7461
7794
5906
3641
5070
7264
7938
7271
6346
4582
6551
4074
5915
3904
241A
8144
7624
253A
4667
3440
8940
4845
6533
151A
244A
7604
3323
3878
281A
4629
7379
7039
3280
6402
1768
9063
7603
6189
6612
7698
3981
5923
6033
6185
4891
6026
7681
3374
3446
6428
3912
6182
3807
8045
3726
4490
6721
3628
291A
194A
3236
5533
9340
7213
3123
3758
9930
4883
6229
2483
3936
3948
7434
4317
7635
2978
3021
4754
3652
7080
324A
7079
1447
3892
9246
4752
6069
3623
3810
7531
7325
2311
3495
206A
9973
9367
9927
3386
7343
7084
173A
4623
5903
9060
9867
365A
4624
9173
9903
6836
7192
3246
3719
1992
343A
9656
1840
5576
7619
8700
4925
7425
335A
7887
5367
2195
5476
1418
4125
2438
7111
6998
145A
9159
4060
3653
5695
7506
4777
4476
6297
5724
6059
7089
4012
4450
3940
3113
3143
5138
9051
2776
1438
5598
6899
5381
4319
8226
1997
4380
8891
6546
3935
330A
4428
6171
2138
3396
4929
7872
7808
4598
3065
3293
7065
6538
5571
8938
5966
6327
9876
7833
6862
7297
9346
7060
4256
7066
7940
6343
3173
9237
3686
4316
8077
6286
4496
3760
3377
3815
2984
8147
3566
8835
6466
3988
1897
3241
7040
6292
4531
9885
2122
9625
6858
311A
7087
7804
5133
7370
4486
4491
4398
2055
6391
6495
2999
4539
5577
9561
3187
9478
7707
4762
4040
6158
4395
6049
8230
6408
6093
4556
3537
2796
5612
5033
3426
6336
7980
6778
7427
7857
6634
2375
4440
4119
6042
4492
4892
9853
2454
4976
6942
6888
6513
5884
2373
6629
7175
4379
7695
7075
9976
7812
7726
4177
8025
5856
3841
2480
7078
4270
6654
4234
7509
7883
198A
205A
2654
5936
3359
3409
7571
8518
3131
4287
7359
9313
6267
6092
2293
7918
6543
5542
2136
6838
5283
6837
7527
3933
4728
6155
2894
9219
7694
4372
5028
1446
4882
4926
2286
6573
2411
5029
6022
4075
4415
7127
2345
4990
4172
9036
3848
4586
5491
2323
2449
3625
3920
4576
6699
265A
3058
6964
4445
148A
3839
9127
4437
7353
4446
7953
9271
3826
5134
2304
192A
5596
3267
4360
5870
7126
387A
5446
1383
3172
6325
5956
6822
280A
2917
3744
3927
3816
9355
2408
4829
4198
3747
9366
8617
7208
6926
8260
130A
2385
248A
7538
4487
4960
3680
6731
4416
4615
4591
5990
8746
3965
7859
2795
3441
5575
3766
3261
2961
4570
3077
7214
3169
3557
5986
6757
6776
2376
7916
5587
4484
9212
5998
2788
5900
4260
2464
9417
211A
9361
6090
6897
3195
385A
9385
3851
3967
6360
5699
4572
288A
4429
3024
9362
4076
3437
7120
7063
6494
6518
8166
5618
7847
3444
5753
7502
269A
2179
3521
4386
3622
6424
5609
137A
9082
7150
5939
7072
6038
3190
1380
2215
340A
7044
7284
5742
7091
3681
1743
9778
2911
4261
6549
3306
2342
3845
4171
331A
7746
9929
6901
2493
7256
3536
3317
4274
3067
9259
1758
4881
4937
9344
3682
8944
9444
3059
3474
7058
3996
1443
5189
6177
1994
5619
3930
5603
9835
5355
4673
4391
3238
3690
3674
5103
6034
7544
5994
6659
2747
7314
7793
3237
7217
2481
7975
3896
7265
3422
9446
3917
6054
7399
7515
6342
4242
3461
3770
5868
4170
8836
4447
7923
9238
4427
7036
2876
7555
9969
3524
6771
7114
5031
3083
7687
4750
1795
5010
3204
3858
6662
7443
3768
7021
3945
3494
3490
4736
6596
6396
6552
2424
7357
6166
4068
5279
9073
3796
1841
7215
3161
6072
7782
9854
8742
7791
6666
7446
9647
7805
5858
4351
3627
9425
7625
5867
6734
6060
3842
7035
4334
9345
2291
4645
6943
7992
4625
4196
3352
9326
3583
6614
5257
228A
2388
7369
7356
4388
7361
8138
3607
3202
6563
9557
3667
3035
5250
7836
6635
4494
7983
7064
9685
6265
3372
305A
6577
1764
7897
6633
3181
9165
5240
6380
9820
6181
4370
6545
4884
6599
3286
5035
196A
4387
4199
6522
3895
9776
3727
3045
7046
5697
7807
9972
7162
6537
7131
6096
6467
7112
4840
6307
3224
9466
7902
6334
5997
8996
3664
3358
8040
2872
4247
4014
2437
5126
6969
3987
7129
3137
7922
3071
9849
6335
3266
5928
5987
7219
4766
3469
9241
6081
5580
2667
3477
6193
3177
4596
2762
2722
6548
6138
2351
2499
4690
3958
5973
6085
6195
3931
9760
9339
2196
4174
9421
5386
7919
3138
2139
6218
1724
3672
4178
2164
3297
2425
6840
7069
9012
3550
5271
2687
1711
7422
3710
149A
9258
4833
5950
9419
4705
9256
7863
7831
9342
3929
3985
7615
3054
195A
2341
298A
7057
6248
5616
3439
7464
5125
5256
9978
3185
9220
2693
7183
220A
1444
9767
3953
9225
5162
6656
4421
3907
3909
3645
7375
9335
3577
4120
5458
4102
8946
293A
4197
7810
3647
7813
6433
9376
6694
3670
6150
3753
7602
5131
7850
8225
9423
304A
9353
4438
7709
6894
9327
3248
7827
3970
2683
4885
4341
6803
6786
9565
4167
2789
3326
8181
4335
2300
5817
3042
2962
6198
7567
6696
4124
7986
7138
2656
6063
5247
4650
323A
8912
6647
9240
2435
7771
7501
6029
3559
334A
9087
7640
8254
5704
1788
4394
5199
5820
8123
5287
9816
3802
3913
4098
9439
7062
7037
3598
7896
4735
6898
7137
9562
9635
2736
9476
4255
7957
6046
5969
6233
3944
7372
6400
9563
138A
150A
4166
6578
3779
7360
2666
7074
3011
9363
9895
7043
7116
4558
6217
3976
4920
8247
3998
6074
3986
3600
9914
6186
7601
3928
8013
7877
4444
9214
4288
5952
4707
6347
7865
4657
7073
4240
7578
9812
7939
4052
3803
9365
184A
4017
6173
292A
189A
4814
9253
7083
168A
3375
3624
7077
143A
7524
7255
267A
4016
7928
7878
4424
7376
142A
9941
4678
2479
7800
302A
4616
5341
7031
3111
3908
4179
4720
7477
3961
6663
3639
4241
7345
3041
4057
2459
4918
7413
7041
3192
9236
3174
5252
5025
4243
4760
5974
9215
6867
6775
2721
9254
5905
6664
6558
9244
2997
7042
2778
9250
4361
4664
7719
3910
9242
171A
3089
6190
6555
3416
4378
9331
3646
4059
2673
157A
303A
2926
246A
7837
4422
7585
7067
5242
7090
7363
3223
3634
7815
2156
5962
6982
175A
7689
7462
7140
9610
4073
6416
6579
3974
9878
3787
6147
7426
333A
7997
6048
7985
8995
1382
3370
7886
4265
4020
389A
7362
271A
4679
9330
7851
6276
7901
9213
4381
310A
5380
7093
6977
8209
7946
7170
1757
3814
5840
8143
307A
301A
216A
393A
308A
260A
371A
9222
7691
