
27520
186A0
99380
18530
90600
68770
54840
90820
42200
24180
20410
17420
31930
92260
42290
77250
38950
45920
77070
45270
15770
37500
64980
66620
63070
21390
83390
35780
35240
37900
40980
93260
65370
53870
66380
35280
47840
18140
83600
88150
33960
88020
93110
64320
60820
50280
99610
31920
70120
39940
40180
21650
38120
57040
52410
70970
71960
55740
42930
73420
42180
22520
78860
26310
69410
22860
62600
66180
62940
90030
81820
60790
19390
93050
96920
78310
73730
77570
61010
78140
32820
16800
19460
71320
352A0
16490
39760
64180
33850
36610
40310
26270
47550
45540
18190
75960
68060
20300
89250
38260
53410
69080
70330
79130
68420
99480
96090
42240
36540
89960
72690
19750
91070
72390
16180
16720
20090
79220
57580
71920
26360
59730
59170
49600
93080
30030
68530
16850
13630
28540
31340
96320
37420
33880
25540
31130
61930
52510
22170
35980
42670
52670
64360
89210
36230
65240
86220
33530
97780
88980
414A0
82070
19280
88180
91580
66400
73430
77040
33520
76110
71760
19600
60900
26920
67970
39850
45650
16050
26670
22210
77800
66990
74580
93380
87090
94090
47470
98900
43580
95600
50160
46560
73630
92560
79560
62620
36550
93300
32630
51940
66760
26740
60500
22040
72050
20980
16860
90300
89530
82450
92330
14430
49240
98420
97610
399A0
70840
40150
99840
251A0
73540
72210
172A0
65450
48140
67340
28160
70790
46330
162A0
59280
96630
52820
25280
86060
47250
65230
78050
39000
50700
24130
83660
16900
99720
99670
13130
32640
19560
86140
94650
22640
14780
44940
60750
29050
35010
85890
30010
68070
26730
52770
293A0
95390
96300
99090
41150
77710
20720
73110
94080
75450
50765
97400
32810
34770
61560
350A0
13180
66520
21200
96160
57420
64570
67230
21760
49220
80970
78440
86340
72020
45030
74510
66280
50150
59750
96010
78890
22700
67190
94040
92770
80370
67360
79790
28550
78160
32090
283A0
45950
15860
21170
76830
22280
67850
89150
79080
83280
89510
62540
23720
66590
77160
63230
75700
60290
55810
15890
23840
53310
40580
282A0
83810
66150
44360
20350
58830
76010
50340
379A0
48370
60330
62470
72500
43600
54120
51340
93400
44750
81080
74340
18160
59510
66350
25630
78970
83640
70660
64900
36760
50320
97880
32010
87030
35420
26510
44300
192A0
99630
29800
92710
96850
39220
55350
76490
309A0
16280
35560
63670
74190
80220
19480
227A0
77090
70920
78390
97660
70680
72510
36670
185A0
75540
83960
30600
83550
13260
49320
15730
60220
79320
83970
65310
74760
20400
25520
23370
93680
49330
75060
21780
26950
47390
65430
23620
37330
95060
93580
80060
83830
42310
13010
65610
15930
45790
35660
42000
378A0
94660
37110
15430
58520
89630
14990
60640
13760
97420
98800
46790
44090
25150
50130
33950
73830
41750
74820
35580
28990
67880
398A0
95430
93070
16990
21080
46230
80110
13600
17580
71340
15540
48890
39930
31890
49720
30280
19840
81570
54450
68820
16590
77320
407A0
34180
61880
65920
45760
53340
60690
98360
85190
43410
92450
34740
52580
73450
49980
79400
82570
97910
82830
48850
43040
70070
24350
65970
65700
66210
51860
24620
409A0
90240
362A0
97010
23150
50210
34220
85150
83460
99430
22530
94670
21520
41930
82520
421A0
80130
22920
33900
75910
79620
33920
82250
89810
94770
190A0
66330
65330
54570
93440
38360
23210
56100
90170
31370
68790
77210
39370
65580
34700
28490
79250
26550
67780
45640
15650
90090
73720
67560
43240
93810
37890
80750
20210
212A0
71890
67030
26020
43160
14600
14660
51910
20170
92400
47040
149A0
79450
21300
42630
74620
45530
36000
34640
40250
75870
73880
69620
17370
31980
34510
88850
26940
52140
82270
32750
46990
77300
90640
89870
58650
64540
94140
90520
42020
63340
90310
34550
44930
64070
76900
223A0
39130
13270
95070
13560
47460
70480
220A0
23450
55370
49960
77130
59570
88010
25290
73680
53840
61950
74440
81320
18030
93020
35450
31330
52400
93250
90610
89550
91710
21790
18850
23790
56980
15850
35440
52890
28050
52170
95220
20960
23310
53520
16450
88700
61680
41650
79860
78600
32340
13120
20830
45240
95190
28660
87210
39540
18330
79990
32890
77820
34600
49850
43260
58200
15690
22960
67630
95440
71750
31590
79490
132A0
75510
96520
74350
51870
49700
92150
93730
21270
22420
30710
27150
20080
15820
42550
70220
80070
49710
88760
22120
32830
24380
16620
87040
59230
98560
37080
82020
21620
71830
63560
59740
43660
72920
69050
79740
34980
170A0
47680
59470
80300
17360
98980
94270
72550
98500
16440
65410
76120
59430
349A0
343A0
42170
98160
31910
98490
86300
59550
69640
27990
17930
28040
73650
23740
77410
99940
222A0
27220
22900
78910
89330
78110
27540
39040
18240
33470
54400
84030
20180
64950
68970
14460
18400
292A0
45350
68240
64060
46860
63610
94010
63310
19440
56170
70110
90720
98700
66260
78400
19450
28630
83430
97900
37770
34750
32460
83490
35870
61120
86860
29150
38340
44500
394A0
44170
68950
23880
19630
67540
91590
97360
87150
53680
93550
89560
201A0
38960
92850
58190
25580
15970
66640
40560
271A0
74770
15630
87660
90140
65900
78850
43900
87250
52040
39320
47220
13580
36440
372A0
35600
41130
33210
28470
39380
22820
60680
36350
60960
71900
72120
79350
94790
79160
52710
97190
65680
80850
97970
92670
72080
98200
54060
58910
63240
14720
63900
36530
99640
244A0
13110
25930
69190
87460
16970
36770
70780
26830
42510
72910
32780
62090
14970
262A0
24250
65650
26650
44880
62300
36520
49570
22460
91330
31960
92520
34910
37820
38570
78530
63010
34560
23000
18500
36270
62660
82050
77290
69100
61760
93800
46900
28830
20470
71390
33560
92510
92200
18480
13770
89180
63870
65750
77760
95310
33700
86170
42680
77020
38390
36660
88750
35360
27120
14010
26890
75410
52430
69470
52160
17390
37990
133A0
65570
50710
94346
32670
33150
29320
89120
80180
33440
42880
16150
35490
80020
76950
90680
67760
137A0
79610
70380
46190
45210
77450
66700
94370
21340
69270
67940
72740
20890
21380
64720
24590
33160
15480
81440
65810
18880
62570
93130
317A0
65250
72830
22400
23230
74600
25650
17570
37830
68670
46290
94250
27530
40510
84210
18150
95610
66300
25690
26600
41020
68230
23910
85840
16260
39910
69980
81580
39260
37710
96360
55310
27360
97060
48910
78180
38930
66780
13670
76990
61580
29290
358A0
30220
96050
14810
229A0
28390
78740
99830
40540
23350
87890
65440
82030
34940
62280
16700
47260
67220
34370
59030
45360
73150
44140
50290
46410
37960
89450
38480
24150
274A0
16320
50250
73470
61590
83010
73810
60270
14560
21800
76280
70180
71290
77280
70340
76360
23010
39050
89640
68570
67870
34580
28560
24710
65130
88210
25250
78630
27470
18840
94220
83930
176A0
67090
67730
16100
33200
14500
20520
15610
54820
90450
90700
42610
14920
73390
71350
64580
47450
96250
90210
70740
20370
30420
85450
59820
46780
85710
323A0
92190
64810
37530
415A0
52540
29250
71190
71770
70610
37850
29830
49650
42050
51290
39350
36940
195A0
92540
82630
60510
70390
77140
59320
25730
79630
90410
318A0
72700
24660
25970
47200
96240
18830
54760
99220
81520
36780
66360
15140
87690
82000
25200
70600
63580
59220
58850
69020
44780
98230
64250
55760
92210
30590
22840
70800
20260
16880
48930
19940
39360
79700
64960
58890
59050
376A0
33740
43460
27140
36060
15590
80890
18210
36900
70820
34310
62260
24890
30630
80590
60700
59980
13990
99590
91430
48470
14570
66340
17890
21450
47720
47090
90360
53100
83950
34800
44340
49660
71860
45990
81270
40190
89170
46650
81470
16760
28130
61860
31050
84160
25850
69510
81340
85420
42830
23850
30580
52320
78410
68260
14400
92780
77490
60310
45700
44950
26570
74800
38200
45690
61130
99690
38520
76000
62330
25180
49990
47790
29970
89310
55420
65020
21560
70950
157A0
28920
46690
74520
63380
71690
72170
39190
81500
38530
66470
25860
29840
64450
91150
88030
48750
65770
28680
90550
87830
40460
38630
58050
67480
39340
39200
75200
76720
53950
60470
51210
366A0
17200
41920
37930
14190
37980
43470
36870
58170
39650
22500
99080
52010
14760
88970
72780
37650
56180
356A0
44980
40710
67980
38450
89190
50780
69740
77390
55910
26440
147A0
43720
68200
69890
37220
98820
79390
97530
45480
63430
20240
60950
81960
25530
52460
74470
58450
29820
73250
92820
72990
70940
18200
41740
70860
42480
69340
69380
89520
80380
60130
92380
63760
84110
95090
96560
19650
79340
40280
45410
393A0
93700
21220
96750
39010
20040
37410
49890
83650
59000
44250
33580
66560
16250
96330
54610
71730
33550
45280
89050
75520
93670
88790
95340
15740
90570
60980
61830
76070
74130
88060
79660
66270
152A0
235A0
381A0
46240
64660
53810
42220
58510
18610
66530
62460
18260
17830
83410
78640
73130
92840
63150
14470
367A0
47630
82080
21630
60420
16430
255A0
27490
97290
96720
45080
44010
43830
70450
97220
291A0
61250
66450
63000
69230
83310
89230
130A0
60920
83940
67160
31680
70130
13470
53560
64430
89200
15680
59010
60990
25935
90810
35970
52590
94160
34620
98960
202A0
57140
62860
36510
83860
41200
333A0
43890
60450
28150
79140
62310
20010
70140
79020
98950
28520
74320
65080
13660
56900
60800
334A0
35510
40200
26850
32950
48420
75620
38540
53880
79310
39510
64240
35150
150A0
63090
86480
51250
53910
62480
26110
13050
20920
16120
58860
77230
26700
83450
31870
85620
82150
23760
80450
75130
57130
171A0
74040
16130
70310
91010
20320
29750
55320
73270
65470
63160
14640
69760
72630
64400
76920
83030
33190
46810
31500
34450
19110
27640
84250
69540
93390
85200
31480
49670
77170
41730
83770
39500
78710
63490
81670
90200
78040
85950
77470
92040
13140
65060
90740
94340
19330
22480
18990
277A0
26320
20020
71050
99800
29110
63280
43750
87050
75850
50080
96950
51950
18520
94280
98550
86240
55770
93470
96740
61400
32360
71200
64370
15920
62170
73550
29260
79200
79970
44810
69580
93200
67240
29780
36280
39530
74500
15490
45510
24810
43560
94230
75140
98870
78610
19540
241A0
55920
82490
78570
164A0
50720
15150
62490
97990
82820
99140
205A0
41860
59660
40600
18340
17180
39920
13190
61630
82760
98760
18280
80250
32380
64790
75590
30670
31230
75120
92140
78380
61900
14890
77330
24030
43940
71480
22440
45680
196A0
98720
17430
29930
60180
25130
40230
70770
72870
43850
78260
69880
75320
39070
94450
19490
30820
45770
66290
41770
44410
62780
85930
77950
35380
26070
65040
67040
85210
67420
95110
21740
23290
31670
401A0
25230
24450
28530
14510
63730
33110
99760
22350
92570
76370
71020
73690
59380
19670
97670
428A0
32250
78210
80980
34540
20940
89400
57410
40780
21810
46760
34050
95580
81300
30990
92730
50100
80460
82750
90230
20930
65760
46160
43760
30530
83240
81050
39560
67670
24110
47770
69570
97020
48280
24990
36260
61380
59910
60620
91130
88420
19690
260A0
96860
39180
99500
63570
44640
45590
54460
61350
86130
20440
39680
73670
67150
68580
310A0
28690
29850
84260
72220
78620
74830
46640
86280
42340
85240
57110
14370
82980
44160
76300
136A0
22550
68750
64650
40110
91600
30090
41980
22670
34480
73600
218A0
97080
30850
217A0
31820
33710
20310
88500
39270
83080
96840
39980
65910
74160
26350
36930
27050
380A0
92810
403A0
37680
97260
69210
52100
258A0
78230
65350
16510
67310
37230
246A0
62930
26120
98180
93100
62890
40410
78200
92270
82660
234A0
76210
23360
85700
42160
153A0
14300
52480
41970
82810
30340
19820
86040
84730
91270
81510
76160
50730
69350
74630
37880
30100
13970
34400
71820
77270
94810
80680
80780
79550
91800
45880
23780
98890
87400
63190
71610
99020
87390
88940
73610
33970
42560
86250
99320
34080
16360
73210
50360
67440
17240
43510
48320
34820
91450
161A0
91670
64730
64850
65010
55970
39150
81810
69450
60390
43880
60580
75050
81360
49730
38440
49340
20710
307A0
26290
21690
98530
31560
348A0
47990
78060
30200
14380
16400
33490
96670
43440
47640
85120
58380
79650
408A0
173A0
17620
45070
98270
61870
72440
81680
76780
54910
50750
22590
55880
81200
30900
42910
16710
47190
14330
69810
98880
25680
22560
16790
78190
96390
40080
24690
64940
62100
49370
64740
36950
97890
99290
76890
22690
18080
79270
87100
15790
26280
165A0
70420
68140
28760
58670
92340
23520
59290
40950
73780
79510
49160
87320
56590
21210
31990
67520
15810
15420
46940
76080
92350
15510
79190
41660
87200
42860
83250
70350
36110
26340
47560
89570
42500
98690
60720
68990
19970
243A0
42390
80760
24800
346A0
30230
23250
92610
75080
144A0
63910
72600
84240
40720
51300
45300
92180
68380
183A0
62230
88090
89980
67180
73860
191A0
42040
34720
99750
82370
46580
19730
28980
47120
24090
16600
50220
48120
38140
79010
417A0
17800
33370
38560
39390
60880
81910
79060
75970
61820
83270
20690
73570
65800
197A0
62920
45380
66540
50180
49300
49290
402A0
39140
14960
59970
62740
35620
80390
43210
27350
20380
82140
17730
67510
74720
35830
28310
40330
66660
61460
29170
78790
34330
83700
64160
38270
79520
41830
174A0
89990
83060
194A0
27240
47080
39740
77460
85180
95370
45740
41690
95360
69250
18270
44790
13060
90510
97820
42460
44650
44310
68900
62840
16530
83920
32540
59090
88910
28500
36080
63790
40630
25400
93480
81750
62680
61750
18970
70850
81110
36880
80660
49190
99360
15400
39440
33290
81070
72960
85290
58660
43190
68410
71570
16750
20820
24080
60740
224A0
32450
88410
36680
55330
41760
46110
54640
54070
33230
31610
93600
73300
80410
36650
95630
78980
347A0
82890
59830
22390
46170
90730
48810
187A0
36120
86090
36410
77770
28720
82290
59410
36690
96480
81480
79750
70960
62010
94750
46350
39640
81600
70810
24680
19210
96400
64700
94050
76860
64630
57070
416A0
74260
92580
35990
97460
18670
82780
29610
51220
61370
82010
34500
74150
92760
71620
370A0
95330
81930
19310
98450
75090
34430
22930
35690
71360
325A0
67860
77680
81370
49170
47240
80600
95040
15570
55840
93340
18730
68320
24580
25020
24980
20230
63640
28700
36400
34160
51310
37310
55960
199A0
25240
95620
77150
17750
18900
42820
66190
72140
81590
69260
80520
80930
58920
371A0
63700
40030
59060
21440
38610
45260
68610
72330
97870
76730
364A0
18120
47140
24790
91660
88540
28740
203A0
13290
98290
40040
98370
37190
54510
40420
18710
90630
57030
60370
26450
35610
43310
54560
24340
92750
249A0
23590
76800
97580
69910
82550
60810
90050
62590
59890
61720
37300
58160
56970
30300
64280
49180
20330
40450
55700
70300
45440
62290
97370
82440
13570
44290
75990
36700
28590
76150
94330
78730
76020
81860
82730
29340
66980
42620
16380
45780
95520
40820
55870
67890
14520
25310
298A0
92130
37440
65630
266A0
27880
35530
80700
13250
34730
278A0
48800
42370
43170
48940
41090
20550
98990
96440
36710
33410
60860
360A0
90660
31950
314A0
20340
85580
70890
58680
29910
36240
39400
75160
32280
98300
36490
64440
14980
15880
75550
99130
47690
29180
23950
25550
142A0
71280
91790
72840
34530
49140
73660
74080
57380
290A0
34070
59150
77190
264A0
64080
69000
75310
17680
89790
18650
54490
34860
98850
26780
17190
62520
45850
48870
29770
56020
70870
28440
86980
41710
46530
88690
61410
34870
31750
90750
43350
23530
70880
33980
50170
14930
22810
22680
96990
19290
36600
27950
24780
37910
47520
68160
38020
27300
67790
92060
91760
182A0
85500
96800
14770
65660
58020
39990
43960
67010
62970
44220
80720
98460
65790
50190
97490
33260
62670
233A0
30360
44620
79440
64200
87420
59020
21570
45160
27920
80730
65600
39430
35570
76050
27190
38230
42410
15550
193A0
32770
43270
26410
21590
20060
70650
43010
14080
19350
59390
238A0
96910
40740
64640
28140
76130
22880
93750
37620
81040
99340
84040
76190
87060
28580
91930
45630
31250
32940
83850
71670
52800
60400
37840
81550
45470
18220
16630
41670
46510
21930
44870
92440
74430
78270
91690
257A0
43080
41170
78690
67750
33990
267A0
32270
88900
77600
90830
55990
62400
20900
17660
27080
73590
94440
39600
40260
36860
93170
44400
286A0
16740
95590
46270
22160
79420
99860
22260
59630
26420
315A0
83440
92500
321A0
281A0
94190
72680
99190
40570
98310
75505
21900
42120
28300
23300
30380
65520
42900
35650
78220
65210
37120
97570
65710
32990
74590
87710
43670
42650
44920
82180
44180
86850
28430
98570
51050
73700
27600
47940
60530
72540
71840
44280
61030
85270
49900
16390
20810
32800
62870
68910
83880
89440
61790
89920
66970
93190
92320
30790
93240
77780
67840
54010
88930
26490
59880
67580
76100
80230
27910
63220
24050
89350
15760
74610
77940
91470
83870
52080
14900
74480
39880
14290
31740
29790
36580
16210
90330
48380
89610
26980
69500
35460
45490
65260
85370
36570
99270
42640
85860
25220
15910
14910
87130
63680
30860
60490
68830
43860
38030
34570
31110
95020
70570
96210
44200
74530
75220
61040
44630
87980
81530
63030
57260
51420
303A0
58010
20390
49510
31430
19680
25660
20490
75750
87000
25560
57570
33090
284A0
35590
38400
96820
61430
28650
36470
24850
365A0
26130
33320
36720
17210
89080
97680
34410
32870
226A0
62380
82540
33170
15670
71150
93320
29700
324A0
36800
72650
70360
13920
39960
18930
296A0
90990
32480
98920
44370
86160
64230
81540
97200
97800
45870
98260
58930
78680
32400
30680
30240
77350
97950
90900
75370
36890
64690
78490
73220
16610
322A0
33250
98320
48290
30750
30730
75580
97590
37240
80740
81630
15750
76380
426A0
97230
44430
16940
41940
15470
89460
69290
27020
16890
59490
63460
46360
93040
81420
43200
66630
16270
31810
34350
17980
42600
78150
88770
73120
20530
90080
30020
47760
25120
69860
331A0
63630
66680
49970
80140
78460
46120
69150
40880
80350
69720
88870
29310
79360
41990
245A0
22300
32210
31660
67490
146A0
97550
81030
77430
43870
49250
32490
77560
34920
76230
15440
45820
67450
68500
97920
21830
23380
45730
19300
94740
61640
13230
383A0
45520
188A0
92360
80580
64860
51370
24610
47360
221A0
71270
52520
36620
83680
44770
163A0
16960
27210
44850
34780
14180
77440
47130
97330
22410
48820
53370
39100
32220
35770
74170
17860
64780
38170
96580
58120
85630
72660
72760
96410
28460
83620
75270
61740
37580
61910
93350
43230
30770
75150
46890
32050
20190
21960
23030
41120
82580
81660
61470
58810
65340
63800
74810
62790
42810
207A0
76060
97930
33870
60610
45550
13870
51350
63100
40730
75210
49770
47350
53930
73370
55720
131A0
53980
66130
49360
60660
89270
44210
36300
23270
14000
15960
16220
99660
21550
18680
76880
50260
48250
33020
51270
43730
26750
43790
44910
63390
38410
71870
32650
23890
83540
51040
36630
30700
88920
36850
37690
72430
83990
26300
75250
65170
48330
47320
69200
65220
32910
76740
32690
51100
54050
93760
75170
24040
14580
37540
43070
55270
60280
180A0
69460
14950
99910
57010
73090
21750
76700
96510
91680
38800
88710
82910
32240
19260
21500
32980
24170
57060
58840
67910
275A0
36200
27720
96030
24930
36070
15900
47610
73740
44520
31710
31790
79370
51920
328A0
14310
41820
49350
32520
20360
13910
14050
82560
39250
75980
36730
90670
143A0
80430
41720
34200
83420
44610
68100
253A0
16500
35130
23260
50200
46590
84230
67710
63170
13440
89100
14130
72800
14830
40750
21330
34790
51330
28670
62180
27430
95050
96710
76250
80010
64030
92240
64300
228A0
47700
62760
49560
93030
35989
76940
26220
82300
135A0
78080
18130
20430
160A0
39660
64170
58340
13850
56210
47930
287A0
89240
39170
37100
67370
82530
78250
78750
44390
86820
26560
411A0
21580
55850
419A0
33280
55340
38290
74220
21860
63650
14850
90480
87670
26200
26640
75710
37720
52530
40440
36460
41890
80050
94380
72610
46660
58420
74560
47480
37340
77930
14650
66390
43980
59700
87140
19780
14740
76310
16780
14680
80560
75190
40160
67960
50270
50770
89070
16300
78960
80570
64710
24290
32300
405A0
91460
43500
63300
71700
81980
64840
65720
68330
24540
69970
67280
97040
69950
36480
59620
313A0
52620
89030
18870
30040
14870
27620
90420
64000
92390
14070
13200
26480
30940
60830
18350
67020
76710
59400
64330
93690
74090
387A0
39870
61730
68400
60710
82260
50740
74740
94789
18100
51080
27100
38070
28420
79940
82480
59920
94780
50310
99730
52560
99410
61980
23410
48090
44190
49630
13210
67400
59520
60520
70700
21360
43100
68690
78820
236A0
72230
80790
40930
40050
99740
89660
21530
45560
34970
27290
30310
70620
31940
63210
16550
62650
60590
13620
13170
77920
44860
87930
93880
64020
20850
14880
51320
29620
95320
73050
41800
13460
68370
20450
54800
27770
94490
25640
41140
36100
97150
45940
28450
77690
28970
200A0
68450
43700
32040
81400
32880
85410
76820
86990
70460
83820
94360
51280
72310
70910
89730
31630
18470
91650
53630
89830
54100
75900
92010
49680
56410
68150
37560
263A0
83690
58150
256A0
97340
15560
94170
26930
14800
23490
32420
72720
31780
13930
48160
288A0
78090
89040
23690
19760
71800
79880
33930
52500
72240
42150
60440
39160
71170
34240
55260
26230
73560
38380
90440
93610
385A0
53440
90290
58870
47600
97160
80900
60670
269A0
78830
65880
22540
37630
36450
25670
59640
98240
69990
85360
73840
39690
51030
55630
29360
77580
78780
94480
24920
48830
43180
70210
73800
87950
74330
31720
63270
78510
62000
31510
71500
67900
60260
40400
27660
33180
300A0
70930
78870
32370
43650
52570
41160
91490
72560
26690
80280
60840
46840
99890
48840
20600
82170
71100
83590
62710
99040
33080
44460
83340
167A0
38110
20030
23710
96370
13320
94210
93630
67500
24770
97390
39840
30410
78350
21230
48000
62980
82670
42420
56950
39890
75180
83090
13490
404A0
87500
28410
36810
52120
69650
19500
99950
83160
92430
27980
98610
68090
90620
23320
50110
39020
45419
22450
34840
20160
23510
70830
19610
54480
24190
60340
81850
88510
80880
90590
84150
77080
79710
59190
99820
57150
79680
70730
43420
26530
69280
40470
13980
60050
46340
16340
38320
57290
45710
15520
77750
59330
95130
71260
90100
72190
38430
33130
335A0
43710
89760
28710
59840
87280
38510
27030
79810
40910
81410
47650
83500
158A0
81790
55940
38000
64890
339A0
96290
43340
179A0
60380
30690
76930
16350
67660
70630
66410
79170
66960
53900
31320
79720
184A0
27590
13750
68010
31410
44820
81290
49780
13430
65270
24370
71120
28010
64130
80960
90470
78670
40970
330A0
72130
34010
31830
38580
61490
79280
74420
30460
94320
18600
27340
95030
19790
26810
54630
295A0
382A0
89600
66670
75780
68170
65740
68440
20140
151A0
20130
18110
392A0
69370
55750
88440
29100
31900
78590
71630
34490
22380
41180
18810
279A0
60300
16170
47670
50090
47160
41070
34670
47330
44990
413A0
56320
93770
46540
61840
73200
62730
13650
50120
49520
88400
35640
79230
65640
52420
63830
46200
56600
95530
24970
69440
84100
69920
40070
17300
14440
95510
64600
47510
23340
32900
30640
24100
65780
79460
65500
44350
26370
54790
76350
92160
53020
15780
39060
13810
90250
26400
65180
62690
68620
24870
22060
26330
20680
63690
50370
79110
88480
30780
99060
63360
96970
81350
46210
24880
68350
29300
26380
61310
89380
15620
72670
49870
79890
17880
276A0
93120
40210
354A0
62110
92110
67640
87070
340A0
73260
51380
75240
60350
15870
83900
44830
59810
17170
74380
20650
27860
80860
49940
28190
62990
99470
33060
55780
59900
88810
35500
69630
64820
19830
63970
46680
60460
74550
65940
24320
47340
87290
82740
63750
359A0
81130
39670
77220
67210
49760
21600
22470
31390
31040
19800
65460
42380
65050
66140
65540
59580
27670
61180
19870
65690
72820
31570
44150
62810
27610
44240
91620
81700
47070
94120
42710
32850
81940
285A0
46710
37380
22220
36790
43360
49750
46450
93650
77180
75000
34830
82870
181A0
89340
48240
425A0
42010
31540
39900
210A0
49310
15600
54110
69010
31650
20870
51840
51260
33660
93010
21820
53510
26680
36740
97650
71810
72360
21950
77620
32660
62270
56190
32960
23970
20880
21980
94760
63930
43740
45500
91040
134A0
92020
68490
70430
32440
42950
82090
435A0
98140
82850
41790
31350
78560
24840
13080
78770
28090
35430
47830
39410
39750
58560
30970
79570
65860
73620
21090
81010
56580
96120
66770
19050
37260
155A0
23110
345A0
24510
87080
89950
63260
77520
60230
55710
69120
56990
46250
70560
51010
68520
43990
62320
92230
22510
98780
33940
34260
33330
44030
75950
351A0
25900
14140
74250
62580
84180
96960
61940
25330
424A0
36980
75650
71300
37510
66430
29920
78550
20460
52830
88950
43810
21120
69690
28570
32760
87630
44760
27420
81780
59560
73500
73520
73180
59420
85850
22070
72180
83610
32230
95650
28370
268A0
30650
32310
26860
58030
31210
70040
69610
211A0
30270
34610
39110
45580
90280
294A0
19160
16520
20670
68040
97690
30500
49920
89750
329A0
83040
51360
24750
45720
60160
92640
28180
25190
29380
59650
38640
64670
27330
53010
23540
77900
94460
20110
45230
66440
72640
52680
96790
58430
76840
32920
20220
37730
93370
57020
20560
17220
67620
22940
71140
29350
38770
72420
17640
90580
82470
28620
69070
70690
99770
64800
40760
17260
58310
27680
48260
19340
20730
35480
76090
68030
93660
37740
13900
56200
62350
74210
48390
92460
61210
89860
44260
99570
17870
50790
46400
58210
28510
14840
14710
72590
33750
41880
61850
30390
54080
70750
43780
75040
21680
61360
82510
30480
89770
72470
58570
35930
71380
48900
80320
43930
23980
341A0
78650
21910
93270
14320
75770
19590
18020
66610
99600
65620
54860
94500
44420
73380
63840
254A0
68660
13280
204A0
31100
70370
28120
45890
75680
79180
73770
35470
26240
66120
96610
75940
40220
36290
63710
75670
99030
46140
38160
92830
99450
47050
21460
34020
247A0
76810
41510
24060
39830
59690
35781
65550
89850
62130
78990
68190
52470
75020
97350
64050
22360
42740
52490
48960
82190
42870
42490
27730
34680
36360
16470
70710
37700
74120
36050
67770
80290
19040
34170
44060
29370
81730
58400
79580
78340
55900
45060
89590
96220
53890
22430
61650
86010
56140
40550
46620
30920
34230
96810
93530
37150
40140
79900
87470
52880
80950
70590
42840
26520
68850
27500
52870
61660
34520
94680
22090
79910
95420
19060
86070
19380
34150
16830
77260
91100
55860
31060
81650
49280
16840
92530
389A0
25210
26080
46310
43450
14450
30430
54580
37870
36330
13090
14820
77010
14270
15450
29950
93640
20420
34760
79840
89820
369A0
27890
22910
15460
66250
65510
13100
45840
54130
80080
65930
97130
67550
93410
19510
72940
15720
42980
53040
94350
63450
39620
326A0
44100
35910
21310
78130
25260
48130
36640
75930
93460
83380
43610
61920
90560
78170
24530
14480
31600
26580
88360
68780
47710
26760
39470
39330
69670
312A0
22580
175A0
42470
59210
40620
77110
18660
28940
74870
42990
16910
30890
20120
88890
24640
99000
39300
81380
45140
75380
68880
44490
29940
88860
83360
70500
48450
39550
78370
44230
94410
29810
35370
14750
23700
15830
65030
16330
37760
31090
63780
97760
85910
69420
65380
45390
81330
19810
28110
90070
92660
308A0
24330
63350
22370
363A0
25160
72290
59300
38500
62500
13880
17950
96380
60890
44470
42570
72620
96350
55890
45980
28200
72790
61710
92600
93450
59960
45660
34880
66650
93180
75610
90860
42700
84620
31880
18070
95540
42430
43920
53670
40430
71160
22240
60320
355A0
59940
16920
25100
265A0
15500
68740
13610
67720
14590
34590
44890
73640
31860
31760
43820
45860
30110
80870
93360
26210
34900
28770
87020
76040
31380
16200
60930
79210
46670
14860
37360
14790
66480
97830
67070
34950
77910
166A0
79800
39080
14390
45800
92480
51960
76340
39970
34890
55660
58070
79600
154A0
93060
14340
22490
61670
16190
93990
88330
36750
25570
98350
96270
46150
36340
60870
209A0
72710
66950
52370
25720
38100
97430
61610
301A0
27690
52020
83580
90340
28380
86920
39090
98120
90650
43480
44380
63550
61990
319A0
51890
63320
28020
81120
94700
78930
76870
85080
27760
40590
21280
92740
55360
35120
27000
66940
30400
23750
60550
92370
16290
38420
24400
73580
38910
85220
62360
58320
13790
30540
23920
78120
65840
43840
43430
92720
29240
46850
78720
13640
38150
13480
24500
16540
36820
39210
98540
73140
34090
71640
70470
66690
60940
357A0
63060
95570
26250
23090
81430
69180
65400
79470
38280
67270
71990
75810
13830
18820
52550
90060
58300
91640
96190
432A0
20700
44480
69960
29230
35140
76400
32020
91190
76790
28060
338A0
34930
55980
68700
316A0
19890
37600
34320
78030
96100
38040
33860
16810
83370
58690
30760
40940
74750
28170
25940
65490
177A0
20860
90120
80150
22150
98830
13300
71220
33000
29220
64930
43800
23420
73790
82700
34210
80200
34650
38250
59850
86970
92860
63510
28820
85110
20270
59760
71910
45910
67060
56090
39860
77310
395A0
83560
29160
305A0
25380
32260
77030
67570
20480
79830
15990
31700
57270
31730
49210
67530
56570
374A0
70640
79950
16730
55410
35800
75390
37940
69940
52340
34460
33590
31010
56060
55820
26620
42030
98430
40530
53330
90220
50760
47440
78470
46730
43770
16560
91320
34690
63810
46910
62640
30910
62050
320A0
27780
59710
94130
45190
62720
20280
96870
43680
69430
168A0
40690
63950
66370
58900
239A0
45120
43690
15710
99780
73230
43550
13340
60630
80840
96020
29890
29720
25880
17230
72150
25610
74300
43950
66580
57240
32610
61810
72770
69160
37660
97170
44130
66740
14170
89670
91300
63470
70440
90760
92620
64140
27840
32350
24280
29980
24020
23070
19090
72410
52610
33770
37270
17760
99920
32790
27260
39030
33610
40680
88300
42280
46130
41960
33310
62370
57530
32500
302A0
65960
13940
68560
23730
96080
24270
59860
92700
99300
83790
83670
16820
78290
15800
19520
94180
66170
34630
26540
38310
178A0
81140
37780
25620
58580
34470
52840
62820
232A0
98520
28100
21850
41870
67410
20500
19410
216A0
64920
75010
77050
65160
62030
70720
17160
95080
60480
27960
39450
215A0
15700
89280
55250
73510
49800
22080
68590
60770
64590
16980
73890
54710
65390
27510
29860
46570
68390
90490
51850
40920
71370
39230
58090
72030
23040
68000
32860
98670
14360
44710
59450
22570
36390
45830
27380
68480
61550
24830
59350
87370
48200
96980
55730
58700
77740
280A0
25010
64480
35260
40800
61510
42750
68340
67470
25270
13820
72450
252A0
23990
45170
81310
20250
36250
139A0
22660
90010
84090
70410
30490
46740
97480
45310
55290
77480
92650
25870
80530
60730
89140
33430
45960
39790
27370
65530
237A0
16310
62770
39460
76460
40120
64550
18700
42450
24360
56050
59070
16950
208A0
80310
42210
63120
61770
80500
76430
36960
52690
69930
31470
18780
47620
79850
42720
97470
31840
93840
71980
62220
18980
32840
23400
63140
34660
94390
39630
52440
74670
90870
87720
25030
82420
40270
72480
58710
80510
21700
13890
72350
41000
79150
45430
19190
45810
22200
37520
61890
35630
304A0
76470
80440
53570
69770
63620
16460
49010
22110
59110
70670
48500
65730
99550
375A0
90370
41850
88350
52730
78880
38590
82330
62910
30930
53800
30210
17120
68630
70580
45930
52900
84390
54530
93310
90690
26260
32930
90460
21070
80910
52180
34390
38370
20910
30450
39240
80120
63250
406A0
68940
31070
37790
38470
59120
30960
85440
28600
95350
64090
39610
56160
92470
41680
49740
75230
96570
76850
49620
93860
31970
74900
50380
70030
65480
89290
43120
47180
30800
64970
59460
33760
80360
43370
20800
28750
22290
34810
55950
53320
20660
29270
17820
31030
29710
29030
79870
27630
89720
60360
29140
65420
50020
61970
14690
59360
16230
38350
27800
34960
21240
79430
27820
28400
18010
23170
66240
76030
74660
72280
410A0
49230
49260
82600
13780
92420
56220
51390
39810
47810
19370
69850
54810
20150
47750
69600
60540
42350
40130
62450
39580
92490
57210
28640
56120
49550
81180
36560
67690
43640
44450
81170
40640
69520
44320
95140
76970
273A0
85720
36830
53580
99960
248A0
148A0
46610
21480
97090
91560
78330
30880
47430
91730
23220
97640
75500
80810
68220
49580
68550
35290
80770
49790
19710
31400
57810
93850
95170
81740
49020
62550
44840
63960
67430
14120
46960
13330
85430
78950
53550
14670
99280
98280
28480
66720
62080
32710
26470
16930
32970
63600
28930
64880
48880
72730
33910
54440
25600
66220
20840
19640
93420
32410
77400
94300
250A0
25140
25300
69660
36920
40520
66160
92630
62390
59180
72300
78500
45340
51620
45020
85300
72110
43330
25790
48400
74460
98730
219A0
16370
76980
60850
61570
77340
69550
20970
38220
60910
29900
85660
79590
96310
213A0
46500
95560
31800
141A0
32510
17700
76770
83330
20950
43910
93220
20290
396A0
29040
23440
56310
21510
64190
93620
72010
19720
61450
29010
83630
39950
26460
50330
96000
92410
65320
16570
13680
63420
29080
61780
26430
198A0
34360
40170
79760
69820
24240
68600
69040
66320
35210
87180
41190
76140
91420
44270
17110
79530
332A0
67300
62240
19240
74640
83740
41780
25590
51610
97440
45970
99560
48480
67930
30830
32320
31770
145A0
21140
31690
18050
85960
42580
90780
74450
65670
48190
71330
16770
24910
41700
74940
60970
59870
63400
39780
64530
31530
25110
79120
66510
75640
78100
21320
36320
69730
16410
46870
59590
17990
97310
72400
93510
26660
19420
47380
80400
36970
336A0
71110
89220
99620
49120
35400
76910
33720
86000
89090
89840
361A0
26390
46280
21640
13800
44900
16480
79920
68710
138A0
206A0
92680
25800
91630
412A0
71180
297A0
49200
63370
88040
93820
29870
18460
74270
68360
79050
46440
65560
85510
47920
18960
21160
60780
48110
72980
27060
72200
87110
92250
97280
13240
72260
61800
140A0
16240
36220
88640
73170
66200
96470
30870
368A0
14940
99460
96130
65070
69300
91610
39310
49270
38780
36910
74200
24490
43620
35390
40610
45570
13840
69110
42060
34710
19140
22010
51990
13160
47280
24000
92590
89540
75630
31850
47500
47540
59500
63660
94345
76180
77510
45750
15660
42080
44440
35710
61440
64120
69140
52850
60650
299A0
18410
189A0
73530
97630
55280
42400
89580
79380
19660
56440
65990
13860
93430
92120
96280
85740
72380
26870
95010
386A0
39280
78360
15950
34440
99310
46260
16580
95410
33500
14200
59670
68640
44120
159A0
39290
31310
72970
73760
61340
30980
17280
43970
63820
44040
46420
64110
16060
26590
28610
70490
95640
50070
70980
13520
48920
64620
48490
81150
73710
28360
74860
52790
96780
73990
40990
18790
37470
63050
64870
30350
61960
92220
69320
78580
19250
67700
92870
24120
29990
29330
98100
33220
41250
14350
36040
33820
63330
81390
70400
47660
42590
13220
61500
41240
71130
13450
67680
50350
52760
75100
15980
94240
49110
23550
56030
78000
15410
52330
77790
18440
71850
38650
68810
75440
92290
71310
39700
63020
71250
81250
48010
81190
44960
39120
71400
45400
25170
90390
44330
25990
59990
29070
66750
70900
13690
99790
99970
78320
92790
68980
23050
97070
97600
53860
69710
32580
35410
80610
23930
99900
78070
48860
55800
88600
33600
64610
58440
47980
14700
36590
21730
72460
28840
38920
96070
80160
99870
81230
63920
83320
87870
16870
373A0
80650
64760
261A0
15180
71720
31160
88800
76760
68890
311A0
21540
43400
46800
77810
57590
46950
39480
156A0
74650
44970
60600
24520
89680
34340
99930
82790
16420
47110
54230
81840
27900
14730
76240
69240
44800
19920
73750
74140
15840
62560
58880