96750
96780
96790
96800
96810
96820
96840
96850
96860
96870
96910
96920
96950
96960
96970
96980
96990
97010
97020
97040
97060
97070
97080
97090
97130
97150
97160
97170
97190
97200
97220
97230
97260
97280
97290
97310
97330
97340
97350
97360
97390
97400
97420
97430
97440
97460
97470
97480
97490
97530
97550
97570
97580
97590
97600
97610
97630
97640
97650
97660
97670
97680
97690
97760
97780
97800
97820
97830
97870
97880
97900
97910
97920
97930
97950
97970
97990
98100
98120
98160
98180
98200
98230
98240
98260
98270
98280
98290
98300
98310
98320
98350
98360
98370
98420
98430
98450
98460
98490
98500
98520
98530
98540
98550
98560
98570
98610
98670
98690
98700
98720
98730
98760
98780
98800
98820
98830
98850
98870
98880
98890
98900
98920
98950
98960
98980
98990
99000
99020
99030
99040
99060
99080
99090
99130
99140
99190
99220
99270
99280
99290
99300
99320
99340
99360
99410
99430
99450
99460
99480
99500
99550
99560
99570
99590
99600
99620
99630
99640
99660
99670
99690
99720
99730
99740
99760
99770
99780
99790
99800
99820
99830
99840
99860
99870
99890
99900
99910
99920
99930
99940
99950
99960
99970
