13010
13050
13060
13080
13100
13110
13130
13140
13160
13170
13180
13190
13220
13250
13260
13270
13290
13300
13320
13340
13430
13440
13450
13470
13480
13490
13520
13770
13780
13790
14050
14120
14140
14170
14910
15140
15150
15180
15400
15410
15420
15430
15440
15470
15480
15490
15500
15540
15550
15560
15570
15590
15600
15620
15630
16050
16060
16100
16120
16130
16150
16170
16180
16190
16200
16210
16220
16230
16240
16250
16260
16270
16280
16290
16300
16310
16320
16330
16340
16350
16360
16370
16380
16390
16400
16410
16420
16430
16440
16450
16460
16470
16480
16490
16500
16610
16620
16700
16720
16730
16740
16750
16760
16770
16780
16790
16800
16810
16840
16850
16860
16870
16880
16890
16900
16910
16920
16930
16940
16950
16960
16970
16980
16990
17110
17120
17190
17200
17210
17220
17260
17370
17620
17640
17660
17730
17750
17760
17800
18010
18020
18030
18050
18080
18100
18120
18130
18140
18150
18160
18190
18200
18210
18220
18240
18260
18270
18280
18330
18340
18350
18400
18440
18460
18470
18520
18600
18610
18650
18660
18670
18680
18700
18710
18780
18790
18810
18820
18830
18840
18850
18880
18900
18930
18960
18980
18990
19090
19110
19140
19160
19190
19210
19240
19250
19260
19280
19290
19300
19340
19350
19370
19380
19390
19410
19420
19440
19450
19460
19480
19490
19500
19510
19520
19540
19560
19590
19600
19610
19630
19640
19650
19670
19680
19690
19710
19720
19730
19750
19780
19790
19800
19820
19830
19870
20010
20020
20030
20040
20060
20090
20210
20220
20230
20240
20250
20260
20270
20280
20290
20300
20520
20530
20560
21070
21080
21090
21120
21140
21170
21200
21210
21220
21270
21280
21310
21480
21500
21510
21530
21550
21580
21590
21600
21680
21700
21740
21750
21780
21810
21830
21930
21960
22010
22040
22060
22070
22080
22090
22110
22120
22150
22160
22170
22200
22290
22640
22670
22690
22700
22810
22820
22840
22860
22880
22900
22910
22920
23010
23050
23090
23170
23220
23250
23270
23310
23350
23380
23420
23450
23510
23520
23530
23540
23550
23590
23690
23700
23710
23720
23750
23780
23790
23850
23930
23950
23970
23980
23990
24020
24040
24050
24090
24100
24120
24130
24170
24180
24320
24330
24380
24400
24450
24500
24510
24530
24590
24620
24640
24660
24680
24750
24770
24780
24890
24910
24920
24970
25010
25020
25030
25310
25330
25400
25720
25730
25790
25800
25900
25930
25935
25940
25970
25990
26020
26070
26080
26130
26510
26520
26550
26570
26590
26600
26620
26640
26650
26700
26740
26750
26760
26780
26810
26830
26850
26870
26890
26920
26950
26980
27150
27190
27260
27290
27300
27330
27340
27370
27380
27490
27530
27600
27620
27640
27660
27680
27720
27800
27840
27880
27910
27920
27980
28010
28020
28040
28050
28060
28090
28100
28110
28120
28150
28160
28180
28300
28310
28710
28720
28740
28750
28920
28930
28940
28970
28980
28990
29070
29080
29100
29140
29150
29180
29220
29230
29260
29290
30010
30020
30030
30040
30100
30110
30210
30220
30230
30280
30310
30340
30360
30410
30480
30500
30530
30590
30600
30630
30640
30670
30710
30760
30860
30870
30880
30910
30920
30930
30970
30980
30990
31010
31030
31040
31050
31060
31070
31090
31100
31110
31130
31160
31230
31410
31480
31510
31530
31560
31590
31670
31680
32010
32020
32040
32050
32250
32260
32270
32280
32310
32340
32370
32380
32400
32450
32480
32490
32510
32540
32580
32650
32690
33020
33060
33110
33130
33150
33190
33200
33210
33250
33280
33320
33330
33370
33410
33430
33470
33490
33550
33600
33660
33710
33720
33770
33820
33870
33910
33920
33930
33940
33950
33960
33970
33980
34010
34020
34050
34070
34080
34210
34310
34320
34330
34340
34360
34430
35010
35120
35130
35140
35210
35240
35260
35280
35290
35510
35530
35690
35710
35770
35800
35830
35910
35930
35970
36040
36060
36070
36080
36200
36220
36230
36240
36260
36270
36280
36290
36300
36320
36340
36350
36360
36390
36400
36450
36460
36470
36480
36520
36530
36550
36560
36570
36580
36590
37080
37120
37150
37220
37230
37240
37260
37270
37300
37310
37340
37380
37420
37440
37470
37500
37510
37530
37560
37620
37690
37700
37720
37730
37740
37780
37820
37830
37850
37870
37880
37890
37930
37960
37990
38100
38120
38150
38170
38200
38230
38250
38260
38270
38280
38290
38310
38340
38400
38430
38500
38530
38560
38610
38640
38650
38770
38780
38800
38930
39410
39450
39460
39470
39500
39510
39550
40030
40040
40050
40070
40080
40210
40220
40230
40270
40280
40310
40330
40410
40420
40430
40440
40450
40460
40470
40610
40620
40630
40640
40780
40820
40880
40910
40920
40930
40940
40950
40970
40980
40990
41000
41070
41090
41120
41140
41150
41160
41170
41180
41190
41510
41820
41830
41850
41860
41870
41880
42010
42020
42030
42040
42050
42060
42080
42120
42150
42160
42170
42180
42200
42210
42220
42240
42280
42290
42310
42380
42710
42720
42820
42830
42910
42950
42990
43010
43070
43080
43100
43120
43190
43200
43210
43230
43240
43260
43310
43330
43370
43400
43420
43430
43440
43460
43500
43610
43620
43640
44010
44030
44040
44090
44100
44520
44610
44620
44640
44650
44710
45020
45030
45060
45070
45080
45120
45140
45160
45190
45210
45230
45240
45260
45270
45280
45300
45310
45340
45360
45380
45390
45400
45410
45430
45440
45470
45480
45490
45500
45510
45520
45530
45540
45550
45590
45630
45640
45650
45680
45690
45710
45740
45750
45770
45780
45810
45830
46110
46120
46130
46140
46170
46190
46200
46260
46310
46330
46340
46350
46410
46420
46510
46530
46580
46610
46650
46660
46680
46710
46740
46760
46780
46790
46800
46810
46840
46870
46890
46940
46950
46960
47040
47080
47110
47130
47140
47160
47180
47190
47220
47240
47250
47260
47280
47320
47330
47380
47390
47430
47440
47450
47460
47470
47510
47620
47660
47670
47680
47700
47750
47760
47790
47810
47980
47990
48010
48090
48120
48130
48200
48240
48250
48260
48290
48320
48390
48480
48500
49010
49020
49110
49120
49140
49170
49190
49210
49220
49240
49270
49280
49510
49520
49550
49560
49570
49580
49630
49670
49680
49710
49730
49740
49750
49770
49850
49870
49890
49900
49920
49940
49960
49970
49980
49990
50020
50070
50080
50090
50100
50110
50120
50130
50150
50170
50180
50190
50200
51010
51030
51040
51050
51080
51100
51210
51220
51420
51610
51850
51860
51870
51890
51910
51920
51940
51950
51960
52010
52020
52040
52080
52100
52140
52180
52320
52330
52340
52610
52620
52680
52690
52710
52760
52820
52880
52890
53010
53020
53100
53310
53320
53330
53340
53370
53440
53510
53520
53550
53630
53670
53840
53860
53900
53910
53930
53950
54010
54050
54060
54070
54080
54100
54110
54120
54230
54400
54440
54450
54460
54490
54510
54530
54570
54580
54630
54640
54710
54760
54790
54800
54810
54820
54860
54910
55410
55630
55660
56020
56050
56060
56090
56100
56120
56140
56310
56320
56410
56570
56580
56590
56600
57010
57020
57060
57070
57110
57130
57140
57150
57260
57270
57290
57380
57410
57530
58010
58020
58030
58050
58070
58090
58120
58150
58160
58190
58210
58510
58520
58560
58570
59010
59020
59050
59090
59110
59120
59150
59170
59180
59210
59220
59230
59290
59300
59330
59360
59380
59400
59420
59430
59460
59470
59490
59510
59560
59570
59580
59590
59630
59640
59650
59740
59750
59760
59810
59820
59840
59880
59910
59920
59940
59960
59980
60050
60130
60220
60420
60500
60530
60540
60550
61010
61030
61040
61120
61130
61180
61210
61250
61310
61350
61360
61370
61380
61400
61410
61430
61440
61460
61510
61550
61610
62010
62030
62050
62080
62100
62170
62180
62220
62470
62500
62520
62550
62620
62640
62680
62690
62710
62720
62730
62740
62770
62780
62820
62870
62910
62930
62980
63000
63010
63020
63050
63060
63090
63100
63150
63160
63170
63190
63210
63250
63260
63280
63300
63310
63320
63330
63340
63350
63360
63390
63400
63430
63450
63490
63510
63550
63560
63580
63600
63610
63620
63630
63640
63650
63660
63670
63680
63690
63700
63710
63730
63750
63760
63780
63790
63810
63820
63830
63900
63920
63930
63950
63960
64060
64070
64090
64120
64130
64170
64180
64190
64200
64280
64300
64360
64370
64400
64430
64440
64450
64480
64540
64550
64570
64590
64600
64610
64620
64630
64650
64660
64700
64710
64720
64730
64740
64790
64800
64810
64820
64850
64860
64890
64900
64920
64930
64950
64980
65010
65020
65030
65040
65050
65060
65070
65080
65130
65160
65170
65810
65840
65860
65880
65900
65910
65920
65940
66190
66200
66210
66220
66270
66300
66320
66390
66400
66410
66430
66440
66450
66470
66510
66520
66540
66560
66650
66670
66680
66700
66740
66750
66760
66780
67010
67020
67030
67040
67060
67070
67090
67150
67180
67190
67210
67230
67240
67270
67280
67300
67310
67370
67410
67420
67430
67440
67450
67470
67510
67520
67530
67540
67550
67560
67580
67620
67630
67670
67680
67700
67710
67720
67730
67750
67760
67780
67790
67860
67880
67890
67900
67910
67930
67940
67960
67980
68000
68010
68030
68040
68060
68070
68090
68150
68160
68170
68200
68230
68260
68320
68350
68360
68390
68410
68420
68440
68450
68480
68490
68500
68530
68550
68560
68570
68580
68590
68600
68610
68660
68690
68750
68770
68780
68810
68830
68850
68940
68970
68990
69000
69010
69020
69050
69100
69110
69140
69150
69210
69230
69240
69250
69260
69270
69290
69340
69350
69370
69380
69410
69450
69460
69470
69500
69510
69520
69540
69550
69580
69610
69630
69640
69650
69660
69670
69710
69720
69730
69740
69760
69770
69810
69820
69850
69860
69880
69890
69920
69930
69940
69950
69960
69970
69980
69990
70030
70040
70070
70110
70120
70130
70180
70210
71020
71050
71220
71480
71500
72010
72020
72030
72050
72110
72120
72130
72200
72210
72220
72230
72240
72260
72300
72310
72330
72350
72360
72380
72390
72400
72410
72420
72430
72440
72450
72460
72470
72480
72500
72510
72540
72560
72590
72600
72610
72620
72630
72660
72670
72690
72700
72720
72730
72740
72760
72770
72780
72800
72820
72830
72840
72870
72910
72920
72940
72960
72990
73050
73090
73110
73120
73130
74040
74080
74120
74140
74160
74200
74210
74270
74330
74380
74420
74450
74470
74480
74510
74530
74550
74560
74590
74630
74660
74740
74760
74800
74810
74820
74830
74870
74900
74940
75040
75050
75060
75080
75120
75130
75140
75160
75170
75180
75200
75220
75240
75250
75320
75370
75410
75440
75450
75500
75520
75540
75580
75610
75620
75630
75810
75910
75940
75950
75960
75990
76000
76010
76020
76040
76060
76070
76080
76090
76110
76130
76150
76160
76190
76250
76280
76300
76310
76370
76400
76490
77010
77020
77030
77050
77090
77140
77150
77170
77180
77190
77210
77230
77250
77260
77270
77280
77290
77300
77310
77320
77330
77340
77350
77390
77400
77410
77440
77450
77470
77510
77520
77560
77570
77580
77620
77680
77690
77750
78170
78190
78200
78210
78220
78250
78290
78310
78320
78330
78380
78390
78400
78440
78460
78530
78560
78590
78600
78620
78640
78670
78680
78730
78740
78790
78850
78930
78960
78970
78980
79050
79060
79080
79110
79120
79130
79140
79150
79160
79170
79190
79200
79210
79250
79360
79370
79420
79430
79440
79470
79490
79510
79520
79550
79560
79580
79610
79620
79660
79680
79700
79710
79720
79740
79760
79790
79810
79840
79850
79870
79880
79890
79900
79910
79920
79940
79950
79990
80010
80020
80050
80060
80070
80080
80110
80120
80130
80140
80150
80160
80180
80200
80220
80230
80250
80280
80290
80300
80310
80320
80350
80360
80370
80380
80390
80400
80430
80440
80460
80500
80510
80520
80530
80560
80570
80580
80590
80600
80610
80650
80660
80680
80700
80740
80750
80780
80790
80810
80840
80850
80860
80870
80880
80890
80900
80910
80930
80950
80960
80970
80980
81010
81030
81050
81110
81130
81140
81270
81290
81300
81310
81320
81330
81360
81370
81390
81400
81410
81420
81430
81500
81510
81520
81530
81540
81550
81570
81580
81590
81600
81650
81660
81670
81680
81700
81730
81740
81750
81780
81790
81810
81820
81840
81850
81930
81940
81960
81980
82000
82010
82020
82030
82070
82140
82170
82180
82190
82260
82270
82290
82330
82370
82420
82450
82470
82480
82490
82510
82520
82530
82540
82550
82600
82630
82660
82670
82700
82730
82740
82760
82780
82790
82810
82820
82830
82890
82910
83030
83040
83060
83080
83090
83160
83240
83250
83270
83280
83310
83320
83330
83340
83360
83370
83380
83390
83410
83420
83430
83440
83450
83460
83490
83500
83540
83550
83560
83580
83590
83600
83610
83620
83630
83640
83660
83670
83680
83690
83740
83770
83790
83810
83820
83830
83850
83860
83870
83880
83900
83920
83930
83940
83950
83960
83970
83990
84090
84110
84150
84160
84180
84210
84230
84240
84250
84260
84390
84730
85110
85120
85150
85180
85190
85200
85210
85220
85270
85290
85300
85360
85370
85410
85420
85430
85440
85450
85500
85510
85580
85620
85630
85660
85700
85710
85720
85740
85840
85850
85860
85910
85930
85950
86000
86010
86040
86090
86130
86140
86160
86170
86220
86240
86250
86280
86300
86340
86480
86850
86860
86920
86980
87030
87060
87070
87100
87130
87140
87150
87250
87290
87420
87500
87660
87670
87710
87720
87890
87930
87950
88010
88020
88030
88040
88060
88090
88150
88180
88210
88300
88330
88350
88400
88410
88420
88480
88600
88640
88690
88700
88710
88750
88760
88770
88790
88800
88810
88910
88950
88970
89040
89050
89070
89120
89140
89150
89180
89220
89230
89250
89290
89330
89340
89350
89400
89440
89450
89510
89520
89530
89540
89550
89560
89570
89580
89590
89600
89610
89630
89640
89660
89670
89680
89720
89730
89750
89760
89770
89790
89810
89820
89840
89850
89860
89870
89920
89980
89990
90010
90030
90050
90060
90070
90080
90090
90100
90140
90170
90200
90210
90220
90280
90290
90310
90330
90370
90390
90410
90420
90440
90450
90470
90480
90550
90560
90580
90590
90620
90630
90640
90650
90660
90670
90680
90690
90700
90720
90740
90750
90760
90810
90820
90860
91010
91040
91070
91100
91130
91150
91190
91300
91320
91710
91730
91790
91930
92020
92040
92060
92320
92330
92340
93010
93020
93030
93040
93050
93060
93080
93100
93110
93120
93130
93180
93200
93240
93510
93550
93580
93600
93610
93640
93660
93680
93690
93700
93730
93750
93800
93810
93820
93840
93990
94010
94040
94090
94120
94130
94220
94270
94300
94320
94330
94350
94370
94450
94490
94700
94740
94750
94770
94790
94810
95010
95020
95030
95040
95050
95060
95070
95080
95090
95110
95130
95140
95310
95320
95330
95340
95350
95360
95370
95390
95410
95420
95430
95440
96000
96010
96020
96030
96050
96070
96120
96130
96160
96190
96210
96220
96240
96270
96280
96290
96300
96310
96320
96330
96350
96520
96610
96670
96710
96720
96740
96750
96780
96800
96810
96820
96840
96920
96970
97010
97020
97040
97060
97080
97150
97160
97170
97190
97220
97260
97280
97290
97310
97350
97390
97400
97420
97430
97440
97460
97470
97480
97490
97550
97570
97590
97600
97610
97630
97640
97650
97660
97670
97830
97870
97880
97900
97910
97920
97930
97950
97970
97990
98100
98140
98180
98240
98280
98300
98310
98320
98350
98420
98430
98450
98460
98500
98540
98550
98560
98610
98690
98730
98780
98800
98820
98830
98870
98890
98960
98990
99000
99020
99040
99190
99220
99280
99300
99320
99340
99380
99450
99460
99480
99560
99570
99590
99610
99620
99630
99660
99690
99720
99740
99750
99790
99820
99830
99840
99860
99870
99890
99900
99910
99930
99940
99970
